=== Layer 0 Weights ===
[[[[-0.11407498 -0.06555893]]

  [[-0.04634493 -0.09998699]]

  [[-0.18781187 -0.03879241]]

  [[-0.20714125 -0.1295935 ]]

  [[-0.06400463 -0.02986893]]]


 [[[ 0.39466655  0.25741875]]

  [[ 0.05802692 -0.15744853]]

  [[ 0.06646571  0.05080035]]

  [[ 0.10560898 -0.04611915]]

  [[ 0.26831678 -0.28881493]]]


 [[[ 0.25558636  0.24506679]]

  [[ 0.16476062  0.35892236]]

  [[ 0.30441535  0.28719306]]

  [[ 0.2707903   0.15291898]]

  [[ 0.37030247  0.06446316]]]


 [[[ 0.07401419  0.24980685]]

  [[ 0.10871965  0.45137405]]

  [[ 0.43418798  0.18422762]]

  [[ 0.5916945   0.3832097 ]]

  [[ 0.4092391   0.33030343]]]


 [[[-0.49860498  0.08858714]]

  [[-1.1531622   0.03816619]]

  [[-1.1495366  -0.27164397]]

  [[-1.0113109   0.12724826]]

  [[-0.85273993  0.293316  ]]]]

