=== Layer 0 Weights ===
[[[[-0.20259859  0.07077456]]

  [[-0.24433076  0.11795937]]

  [[-0.1517352   0.11380117]]

  [[-0.11394671  0.21453267]]

  [[ 0.03301324  0.25832075]]]


 [[[ 0.17847279 -0.18058388]]

  [[ 0.16072352 -0.11511511]]

  [[ 0.154705   -0.01713754]]

  [[ 0.05224876  0.33812103]]

  [[-0.05680132 -0.06592117]]]


 [[[ 0.07581685 -0.11619288]]

  [[ 0.12250516 -0.61582977]]

  [[ 0.04554967 -0.48598272]]

  [[ 0.05843997 -0.7594166 ]]

  [[ 0.03611333 -0.8173087 ]]]


 [[[ 0.05778807  0.09930513]]

  [[ 0.1351756   0.07767706]]

  [[ 0.02545674 -0.10819732]]

  [[ 0.04713363  0.04638902]]

  [[ 0.04584616 -0.1888746 ]]]


 [[[ 0.01465199  0.13768342]]

  [[ 0.07204875  0.07946758]]

  [[ 0.06858294  0.00413793]]

  [[ 0.0297603   0.14301766]]

  [[ 0.04791069 -0.04226756]]]]

