=== Layer 0 Weights ===
[[[[-0.07197837 -0.18855433]]

  [[-0.21431865 -0.18816686]]

  [[-0.42213953 -0.06725197]]

  [[ 0.01220468 -0.04351354]]

  [[ 0.03516832 -0.0574225 ]]]


 [[[-0.02981349 -0.16924405]]

  [[ 0.11838046 -0.2618609 ]]

  [[-0.1768779  -0.14539264]]

  [[-0.20197429  0.16037607]]

  [[-0.27562416 -0.06537451]]]


 [[[-0.00303405 -0.47698537]]

  [[-0.00142332 -0.14579308]]

  [[-0.01256945  0.09575307]]

  [[-0.09571798  0.0071738 ]]

  [[-0.12814304  0.13403526]]]


 [[[-0.0367141  -0.4294962 ]]

  [[ 0.15759398  0.15755461]]

  [[ 0.22853038  0.15651639]]

  [[ 0.22563547  0.0836916 ]]

  [[-0.0440583   0.08542292]]]


 [[[ 0.2345432  -0.33872566]]

  [[ 0.02930707 -0.02368308]]

  [[ 0.03518767  0.11231676]]

  [[ 0.03143606  0.05767554]]

  [[ 0.17021206  0.31078944]]]]

